0.5191 0.5229 0.5195 0.4292
0.0225 0.0237 0.0246 0.0232
0.2330 0.2362 0.2340 0.3109
0.1549 0.1677 0.1035 0.1435
0.1309 0.1332 0.1435 0.0798
0.0107 0.0106 0.0109 0.0106
0.3028 0.2956 0.2999 0.3094
0.3001 0.2997 0.2917 0.2105
0.0533 0.0462 0.0477 0.0533
0.2184 0.2238 0.2296 0.4232
0.3073 0.3065 0.3106 0.2796
0.1129 0.1122 0.0995 0.0968
0.0447 0.0454 0.0453 0.0350
0.5528 0.5543 0.5452 0.5193
0.7204 0.7150 0.7030 0.7093
0.3193 0.3440 0.3569 0.2028
0.1184 0.1248 0.1215 0.1006
0.4067 0.4079 0.3800 0.4094
0.2761 0.2746 0.2754 0.2570
0.1190 0.1254 0.1094 0.0514
0.0569 0.0574 0.0555 0.0560
0.2499 0.2488 0.2676 0.2097
0.3763 0.3881 0.3897 0.3888
0.2370 0.2389 0.2314 0.2827
0.2617 0.2589 0.2612 0.2583
0.0099 0.0052 0.0044 0.0072
0.2967 0.2968 0.2989 0.1411
0.0380 0.0401 0.0336 0.0284
0.0796 0.0725 0.0685 0.2363
0.1612 0.1695 0.1606 0.1187
0.0575 0.0569 0.0525 0.0472
0.5975 0.6056 0.5735 0.4306
0.0261 0.0257 0.0254 0.0227
0.2411 0.2380 0.2221 0.2032
0.2286 0.2177 0.1909 0.1373
0.0221 0.0223 0.0216 0.0127
0.1474 0.1382 0.1334 0.1220
0.2458 0.2662 0.2303 0.1323
0.0150 0.0145 0.0131 0.0034
0.1956 0.2022 0.1968 0.1137
0.2839 0.2668 0.3928 0.4173
0.4340 0.4335 0.4382 0.1262
0.0473 0.0479 0.0371 0.0453
0.0353 0.0235 0.0225 0.0611
0.1295 0.1290 0.1374 0.1064
0.3037 0.2880 0.3022 0.3341
0.3068 0.3125 0.3500 0.1747
0.1010 0.0975 0.0969 0.0989
0.0772 0.0800 0.0783 0.0297
0.4163 0.4169 0.4030 0.3733
