0.5208 0.5208 0.4792 0.4375
0.0772 0.0772 0.0772 0.0691
0.4344 0.4262 0.4344 0.4508
0.2715 0.2853 0.2271 0.2632
0.2444 0.2444 0.2222 0.1333
0.0000 0.0000 0.0000 0.0000
0.4000 0.3926 0.3889 0.4296
0.3333 0.3137 0.3137 0.3137
0.1071 0.0714 0.1071 0.1429
0.3444 0.3576 0.3510 0.5099
0.4444 0.4444 0.4444 0.4444
0.2051 0.2051 0.2308 0.2308
0.1250 0.1250 0.1250 0.0000
0.5143 0.5143 0.5429 0.5429
0.6857 0.6857 0.6571 0.6857
0.3939 0.4141 0.4646 0.2727
0.2063 0.2011 0.2011 0.1746
0.4098 0.4098 0.4098 0.4426
0.3077 0.3077 0.2308 0.2308
0.2083 0.2292 0.2113 0.1518
0.1176 0.1176 0.1176 0.1765
0.3265 0.3265 0.3673 0.2857
0.4545 0.4545 0.4545 0.4545
0.3775 0.3775 0.3627 0.3529
0.3250 0.3250 0.3375 0.3250
0.0686 0.0490 0.0392 0.0392
0.3077 0.3077 0.3333 0.2564
0.1122 0.1122 0.1122 0.1020
0.1250 0.1250 0.1250 0.3125
0.2857 0.2857 0.2857 0.1429
0.1071 0.0714 0.0714 0.0357
0.5909 0.5909 0.6364 0.4091
0.0822 0.0890 0.0822 0.0822
0.2353 0.2549 0.2549 0.2549
0.2674 0.2442 0.2442 0.1860
0.0526 0.0526 0.0526 0.0526
0.1882 0.1647 0.1882 0.1765
0.3333 0.3529 0.3333 0.2353
0.0412 0.0412 0.0309 0.0206
0.2388 0.2313 0.2388 0.1567
0.3427 0.3202 0.4213 0.4494
0.4381 0.4476 0.4667 0.2190
0.0986 0.0986 0.0986 0.0986
0.1176 0.1176 0.1176 0.1176
0.2254 0.2207 0.2441 0.2113
0.3390 0.3220 0.3559 0.3559
0.3704 0.3704 0.3704 0.1481
0.2069 0.2069 0.2138 0.1724
0.1569 0.1667 0.1667 0.1176
0.4560 0.4560 0.4560 0.4240
